172.49170790645405
172.51576716954773
172.39061058115814
172.17991884902256
172.261908141923
173.8290161690363
172.37420775871055
170.60380908798743
171.79989284066536
174.0195453357957
179.06583184391766
184.42974502062916
187.82092241466134
190.04836105858595
191.63500105079072
192.4275321173272
193.7156664258604
191.73482257561565
191.26381643182384
186.29714458683222
185.0225694825698
179.89462498151272
175.74263621540848
175.53968738796002
176.23742022685764
176.82684560455638
176.68742957422467
180.0506814481174
179.62531430408168
176.13240859962477
175.4786160854494
176.5995799820968
176.31694073646656
178.2154979509007
176.184719181783
177.64144776611775
178.2805195046199
177.8656162331215
178.2794570013362
179.69770876807624
185.55380389265338
188.74950996052047
190.15769232210243
193.75438202478952
194.48434720303607
194.24066655072832
194.12640704092803
191.89132548729975
190.7972945292032
185.21730295395196
183.92464010610374
181.50462628112479
176.55989746409054
175.69747259307425
179.57377348432598
180.26432183024207
177.4377970963629
175.97676168034775
176.51917889846436
177.21027465398373
177.86376421315458
178.260566471977
177.50808642826112
176.4463693967127
177.8489308329459
179.99826234253797
181.46891370344363
181.3178199716591
181.11006759402912
183.155452876507
183.29976532884575
187.38475532333513
191.4154362810587
194.2210069785051
195.35375050907047
194.51004515030647
193.98071919505514
191.5248073480666
192.17721717005233
184.47522561438282
182.70653845969161
179.3269175979891
175.3506747920142
174.25411375582866
177.42654428228337
179.0389596373697
178.56845451720926
177.7532623893656
179.20062464894986
180.16654915703447
179.37310711866658
178.99822268787108
178.84768165315293
177.5353076607299
176.8519417753773
176.4425228142923
178.55714358844222
180.26736695594562
179.76359643487186
180.352483286352
183.22024199297917
183.4207054958781
187.21304365415278
189.88932774480114
192.46067007162975
192.16137401592337
194.07694205056416
196.01333681580326
196.21900875209184
194.26576056449449
192.00427097991363
187.41751322208248
186.49679065983133
184.01192825633973
179.88546140773892
179.86865629094441
180.13224334723944
176.0762701361352
172.88506410078477
176.41998486231392
180.683854452898
182.14502293975852
178.78363330003938
179.3219750892487
179.35983484082564
179.84342627971344
176.04738248453702
177.52922057608
179.54767270341796
181.26176267286152
179.45617356492542
180.8838048530546
180.7249472709174
184.39252492027344
187.12238343213173
188.9239323906976
190.5566024976295
192.02741762153687
194.37672163941698
194.9323986863305
193.76003927369848
191.4729851105557
187.79546752008685
186.13707595057272
180.39204979816617
177.8417922047755
176.575744796974
176.87712300962806
176.96217969588002
177.626264633269
176.12358996287003
178.37425656407294
180.04525811186508
179.72571274499273
178.6301164056662
177.09991525158057
178.29189424764786
175.39430338835658
175.8233539549271
177.68646832188233
178.5889366251377
174.09704576212616
176.33623580367083
180.8377055454173
183.9430088934099
185.9162133587289
187.92718961430168
190.53229839596733
191.46707678807496
195.35070205971704
196.7659647219033
195.23715127486295
194.7119973205151